319
617
762
390
138
289
932
549
951
642
779
472
717
40
292
662
235
802
717
425
739
195
274
473
725
84
138
362
812
23
400
307
545
408
437
276
429
765
227
610
811
870
86
545
910
823
745
850
740
606
590
347
269
220
120
999
651
147
838
39
679
26
251
310
41
981
357
358
676
765
863
621
380
828
350
33
826
134
391
363
89
615
767
681
445
275
129
784
855
783
86
265
600
227
427
991
667
882
61
395
254
96
532
302
868
172
843
894
259
352
571
518
53
897
827
807
240
771
59
675
364
788
913
955
146
677
777
613
903
566
49
286
419
472
482
5
566
895
531
916
944
99
586
496
804
866
657
223
44
336
4
743
990
288
634
255
391
145
288
2
424
845
110
957
825
568
790
93
954
957
952
929
461
526
72
268
762
879
506
172
188
689
555
352
625
864
228
183
882
504
943
328
658
616
160
933
827
658
511
734
501
767
934
166
300
447
714
202
681
448
763
387
560
76
985
141
289
912
752
495
418
407
896
112
541
342
931
360
622
858
307
808
36
231
227
122
456
959
771
634
458
379
337
430
375
969
856
0
309
492
783
963
827
377
672
742
399
491
863
847
933
736
918
494
883
823
526
982
416
716
545
645
793
662
579
847
256
762
846
74
638
677
381
9
840
368
267
718
72
793
769
602
323
700
837
450
929
699
323
353
249
168
201
646
776
150
930
173
160
217
376
578
295
929
743
744
723
512
620
866
745
820
904
311
604
907
668
124
354
327
957
392
939
950
611
529
35
867
856
220
976
109
304
937
167
117
631
736
211
385
642
245
4
243
668
64
884
180
857
507
769
778
585
253
670
632
239
659
949
231
919
303
226
871
956
137
709
78
484
439
329
609
168
290
537
125
482
545
673
421
4
52
588
132
657
50
547
115
891
719
441
601
950
981
455
575
103
323
122
995
729
922
719
239
787
201
755
78
292
444
764
855
34
76
105
215
474
929
2
687
718
187
176
265
985
594
866
802
164
67
614
546
676
784
963
767
586
449
636
181
152
27
525
873
52
868
519
339
384
972
997
384
710
939
291
249
398
593
403
933
86
403
555
379
700
72
281
976
968
56
55
184
327
239
39
814
151
964
314
194
214
482
588
598
53
52
106
220
311
875
686
796
595
347
618
74
379
670
484
606
814
373
631
2
761
708
540
539
77
400
672
135
954
506
222
212
898
986
342
90
632
471
839
572
76
550
657
788
492
834
258
85
583
416
753
176
531
122
649
138
772
908
181
423
521
1
793
231
605
897
870
229
202
606
527
912
168
285
429
277
731
923
736
198
296
280
976
246
572
900
632
820
271
392
924
71
483
490
513
105
830
261
331
84
312
602
327
821
427
735
21
184
846
159
388
5
94
249
59
966
833
585
13
36
556
120
275
650
887
698
28
617
668
10
157
652
365
943
966
142
74
966
800
714
619
768
510
634
714
238
393
611
491
817
686
4
36
396
946
570
894
9
113
931
687
822
649
571
397
755
463
663
758
511
741
896
28
610
888
928
558
167
554
992
738
168
374
58
32
117
517
26
561
409
981
208
668
284
916
552
522
380
136
80
320
877
170
111
706
597
754
923
860
565
190
349
870
249
431
918
336
940
760
63
122
628
718
237
500
277
274
151
792
854
803
551
614
455
603
777
136
719
646
696
554
654
570
795
53
800
161
734
971
593
756
956
864
237
838
332
521
327
364
804
523
356
682
181
531
107
919
922
112
666
447
235
743
507
792
824
597
42
82
592
283
338
687
296
295
574
652
274
655
511
522
385
426
965
276
275
363
932
261
579
882
887
867
146
526
730
489
628
893
232
433
224
524
145
636
785
407
336
677
124
153
896
349
132
443
169
75
214
40
733
234
983
325
423
544
81
524
484
112
831
292
994
251
692
122
851
331
930
602
359
786
104
808
272
191
86
52
366
303
183
61
662
232
595
773
36
343
497
386
871
48
805
783
400
450
805
303
502
706
398
865
670
966
936
538
348
714
906
150
130
492
531
568
981
827
575
307
14
785
85
629
638
448
981
401
416
591
100
716
584
290
597
824
624
201
115
792
408
689
616
281
184
848
156
203
872
368
782
339
265
856
736
15
696
202
617
365
893
240
574
743
989
25
4
310
751
260
280
519
638
956
772
960
665
232
385
454
107
809
247
700
678
908
932
324
289
90
566
691
581
123
840
693
472
384
243
913
867
899
411
465
538
539
628
439
539
288
139
851
952
589
582
735
586
4
515
304
741
17
844
224
982
444
659
60
432
