1104
466
1460
230
1983
378
977
1297
1325
1211
493
1249
1613
1701
1166
918
414
1460
320
488
1271
1538
1
820
1377
1195
1474
21
297
766
1841
58
568
903
1855
730
1128
1776
1186
581
338
466
737
1775
1523
1168
1295
1669
339
1313
1716
106
1918
226
737
366
889
1729
1165
1548
1149
54
591
223
162
845
119
1826
541
1158
688
677
1997
582
863
514
603
1331
649
1643
1658
722
1951
1900
1966
1895
848
1898
80
491
1511
256
834
990
117
1228
272
1680
1190
1102
1445
462
1819
530
1196
658
1601
881
1219
445
795
729
133
1974
1957
1449
1702
52
1916
81
720
1478
458
1678
1797
1840
1028
1723
1663
20
1926
1559
999
1676
1081
1036
551
1604
1071
1103
1661
1665
836
792
1511
1038
1264
192
172
311
1892
322
611
1616
1820
304
1750
278
1864
329
293
129
809
785
1796
1397
1157
1021
1081
940
1969
1011
1278
1185
150
1628
590
243
1907
1982
333
884
1909
224
79
874
1172
1083
149
1991
1540
26
1215
235
1084
1891
1437
1330
1280
1269
292
427
196
1212
181
1808
496
1194
839
1908
1249
383
1933
1043
1688
952
1670
796
1434
1312
606
208
1877
1917
403
811
135
1105
31
956
1673
1245
809
213
1480
300
1863
1457
1862
1240
1860
489
1766
104
1677
1366
1380
1500
433
369
1963
384
1775
382
1475
1809
1884
129
1179
98
803
1185
1293
603
1376
1504
1597
484
1592
165
193
730
1950
1053
1027
1000
1271
1839
989
32
1987
1466
1733
1510
1403
1315
1378
1096
1008
1378
1330
1158
237
659
262
1835
335
216
362
1351
454
1902
1489
1451
747
1567
835
1171
1911
291
1887
1663
597
234
1330
856
1709
865
674
801
394
1543
1980
133
50
1993
198
353
1342
1607
794
282
1752
777
1264
1430
1814
